451.0898298292861
0.0
0.0
0.0
0.0
92.1034037197618
0.0
92.1034037197618
92.1034037197618
8520.104186091108
0.0
8520.104186091108
8520.104186091108
0.201006717070029
0.0
0.0
59.9146454710798
42.405270724001824
32.18875824868201
32.18875824868201
32.18875824868201
0.0
25.573927010437448
0.0
19.351680525234112
0.201006717070029
18.3258146374831
0.0
0.6091841496941715
0.0
0.0
0.0
0.0
27.32983467647422
13.667897782345342
26.186666399675246
17.314328918224433
0.0
13.466891065275313
9.885926436295602
12.69756544871939
18.34582464415477
9.560716018859996
10.552654841647435
1.2375080743617506
10.552654841647435
0.0
0.0
28.2117410737787
8.615658321849084
0.0
7.421273627816642
7.133498878774649
0.0
0.201006717070029
0.0
24.079456086518718
14.369299770884702
0.0
0.0
13.372994179191158
6.002705858431856
11.772392234120233
2.107210313156526
47.27857446470196
37.07418687608269
0.0
0.40405414635038933
3.1892954930205426
32.5928123950324
0.201006717070029
0.201006717070029
0.0
0.201006717070029
0.201006717070029
92.1034037197618
0.201006717070029
33.21462413643302
33.51155429877291
13.667897782345342
0.0
0.201006717070029
92.1034037197618
0.201006717070029
33.21462413643302
2.0872203064948547
92.1034037197618
92.1034037197618
0.201006717070029
0.0
0.201006717070029
0.0
0.201006717070029
0.0
11.956740015112409
15.970153924355435
0.0
0.0
0.0
0.0
0.0
0.0
24.079456086518718
56.26821433520071
24.079456086518718
59.9146454710798
13.862943611198906
92.1034037197618
31.183643122061167
0.0
92.1034037197618
0.0
78.2404601085629
0.201006717070029
78.44146682563293
17.83196238567567
0.0
0.201006717070029
0.0
0.0
0.201006717070029
0.0
0.0
0.0
7.133498878774649
18.526821354553128
21.5761932274386
0.0
9.885926436295602
18.3258146374831
32.18875824868201
0.201006717070029
26.941472959332184
13.466891065275313
64.377516497364
0.0
20.996442489973557
34.99700132301691
0.201006717070029
0.0
0.0
0.0
8520.104186091108
8520.104186091108
0.201006717070029
0.0
78.44146682563293
0.0
29.306751369206875
15.731582507049957
0.0
13.466891065275313
19.033177514238925
0.0
36.941215700262894
38.92620458153306
44.14549826379442
1103.2112565245186
0.201006717070029
28.048474860995483
0.0
0.201006717070029
18.526821354553128
0.0
0.201006717070029
78.2404601085629
78.44146682563293
31.4139616823634
48.15891217303744
8520.104186091108
0.201006717070029
0.0
0.0
0.0
9.885926436295602
39.32225712745665
0.0
92.1034037197618
0.0
0.0
5003.612651510737
0.0
0.0
0.0
0.0
0.0
8520.104186091108
0.0
21.197449207043586
21.5761932274386
25.660320233327777
33.00519813908711
46.05170185988092
92.1034037197618
47.93791544930575
8520.104186091108
0.0
16.879401405890576
16.879401405890576
0.0
8520.104186091108
0.0
0.201006717070029
0.0
8520.104186091108
0.201006717070029
0.201006717070029
92.1034037197618
0.201006717070029
0.0
0.0
